8 0.42 0.60 0.53
3 0.66 0.52 0.69
15 0.34 0.37 0.42
10 0.79 0.62 0.71
12 0.55 0.49 0.64
2 0.29 0.58 0.45
5 0.46 0.40 0.53
14 0.72 0.64 0.67
11 0.38 0.68 0.49
4 0.61 0.55 0.60
9 0.48 0.63 0.56
13 0.85 0.44 0.78
7 0.57 0.66 0.34
1 0.25 0.42 0.29
14 0.59 0.50 0.74
9 0.68 0.69 0.41
3 0.38 0.37 0.33
11 0.83 0.59 0.72
15 0.63 0.53 0.56
6 0.29 0.31 0.24
12 0.55 0.62 0.69
10 0.46 0.48 0.50
4 0.61 0.64 0.57
13 0.33 0.41 0.48
2 0.75 0.69 0.44
8 0.39 0.49 0.34
7 0.21 0.36 0.26
11 0.82 0.56 0.67
9 0.43 0.35 0.30
3 0.78 0.60 0.77
15 0.31 0.40 0.28
14 0.51 0.70 0.73
10 0.56 0.59 0.38
1 0.27 0.42 0.22
12 0.79 0.63 0.54
5 0.46 0.68 0.77
9 0.65 0.44 0.61
8 0.36 0.47 0.48
2 0.55 0.62 0.72
6 0.22 0.33 0.29
10 0.88 0.69 0.77
15 0.71 0.55 0.58
13 0.40 0.38 0.46
9 0.52 0.61 0.42
11 0.74 0.60 0.62
7 0.37 0.50 0.35
12 0.41 0.46 0.28
6 0.58 0.66 0.48
8 0.33 0.43 0.31
4 0.80 0.70 0.68
9 0.48 0.53 0.45
15 0.24 0.33 0.27
13 0.66 0.56 0.59
10 0.77 0.63 0.54
7 0.54 0.61 0.49
12 0.39 0.35 0.40
5 0.89 0.69 0.75
8 0.45 0.57 0.64
9 0.29 0.40 0.22
11 0.83 0.64 0.71
14 0.64 0.60 0.56
15 0.35 0.47 0.36
6 0.49 0.69 0.62
1 0.21 0.34 0.24
10 0.67 0.66 0.69
5 0.53 0.48 0.43
13 0.77 0.63 0.72
8 0.38 0.46 0.32
3 0.44 0.55 0.61
15 0.71 0.68 0.59
9 0.81 0.59 0.75
4 0.26 0.33 0.23
6 0.69 0.54 0.46
7 0.57 0.63 0.67
11 0.22 0.36 0.29
13 0.75 0.69 0.74
8 0.61 0.52 0.58
10 0.28 0.34 0.31
9 0.53 0.45 0.47
14 0.79 0.60 0.70
3 0.47 0.41 0.49
12 0.35 0.51 0.33
2 0.85 0.63 0.73
15 0.59 0.50 0.55
8 0.27 0.39 0.31
4 0.76 0.66 0.67
6 0.33 0.44 0.42
11 0.42 0.61 0.49
13 0.68 0.54 0.63
9 0.73 0.62 0.68
1 0.32 0.43 0.26
14 0.84 0.69 0.75
3 0.26 0.39 0.27
15 0.48 0.55 0.51
7 0.55 0.63 0.57
11 0.31 0.35 0.25
8 0.61 0.58 0.66
5 0.89 0.69 0.74
12 0.40 0.46 0.41
10 0.68 0.55 0.59
9 0.35 0.50 0.39
6 0.74 0.62 0.65
4 0.21 0.37 0.29
1 0.44 0.45 0.47
8 0.78 0.67 0.74
13 0.29 0.33 0.23
15 0.83 0.69 0.72
11 0.58 0.64 0.61
7 0.41 0.47 0.43
14 0.67 0.57 0.69
3 0.75 0.66 0.70
2 0.46 0.48 0.52
6 0.63 0.54 0.58
9 0.81 0.59 0.77
4 0.30 0.42 0.37
10 0.56 0.60 0.64
15 0.33 0.37 0.28
13 0.70 0.55 0.66
12 0.39 0.46 0.32
5 0.64 0.60 0.63
1 0.22 0.36 0.30
11 0.77 0.68 0.73
7 0.51 0.49 0.53
8 0.85 0.63 0.78
14 0.45 0.40 0.44
3 0.57 0.52 0.60
9 0.32 0.37 0.31
2 0.75 0.69 0.72
15 0.24 0.35 0.27
10 0.68 0.62 0.66
13 0.59 0.50 0.53
8 0.42 0.38 0.40
11 0.79 0.64 0.75
6 0.49 0.45 0.47